JPEGImages/00001bcc92282a38.jpg 0.0,275.212288,190.5996875,199.03999999999996,0
JPEGImages/000023aa04ab09ed.jpg 0.0,134.892544,328.995636,427.96031999999997,0
JPEGImages/000134de87dd044b.jpg 0.0,65.801216,32.2290625,90.24,0 0.0,61.4784,170.31,108.16000000000003,0 0.0,423.624704,452.2740625,80.0,0
JPEGImages/000234a17c124f75.jpg 0.0,332.72832000000005,269.35812500000003,81.92000000000002,0
JPEGImages/00032b7066444e75.jpg 0.0,119.36,306.172508,258.94297600000004,0 0.0,124.47999999999999,386.2068,106.83699200000001,0 0.0,126.4,503.04042799999996,146.67366400000003,0
JPEGImages/0003d1891fd14575.jpg 0.0,233.68704000000002,133.611875,44.80000000000001,0 0.0,227.92857600000002,191.31,64.63999999999999,0 0.0,275.913728,253.99062499999997,51.19999999999999,0 0.0,278.79321600000003,468.36875000000003,39.67999999999995,0 0.0,191.68696400000002,845.12,40.27250000000002,0
JPEGImages/00052b203c5dad30.jpg 0.0,650.353664,352.171875,52.48000000000002,0
JPEGImages/0005b2913ba46ddf.jpg 0.0,125.89312,253.10648149999997,146.101248,0 0.0,255.47315199999997,273.212352,206.86848000000003,0 0.0,152.757248,338.481823,169.373696,0 0.0,203.32544000000001,402.177885,139.63673599999993,0 0.0,156.04734,857.211904,84.10128800000007,0
JPEGImages/00084f5fbd30c301.jpg 0.0,127.36,337.969573,156.87270399999994,0
JPEGImages/000d13275f39a218.jpg 0.0,161.066496,265.9967405,314.39974400000006,0
JPEGImages/0011e0ca58b4f607.jpg 0.0,105.185792,453.5546875,123.51999999999998,0
JPEGImages/0013356a9d5d526a.jpg 0.0,496.630272,463.3728125,173.44000000000005,0 0.0,369.35116800000003,241.29,179.84000000000003,0
JPEGImages/00176a1c73bce58a.jpg 0.0,167.624704,102.66343750000001,31.359999999999985,0 0.0,205.088256,300.92999999999995,77.44,0 0.0,178.19136,323.144375,52.48000000000002,0 0.0,128.720384,334.5796875,36.47999999999996,0 0.0,138.55151800000002,859.8399999999999,13.122500000000041,0 0.0,197.883392,657.814375,74.24000000000001,0
JPEGImages/00199c7928d10f37.jpg 0.0,521.570304,183.3428125,35.200000000000045,0 0.0,415.820288,232.89,39.039999999999964,0 0.0,363.66336,240.1171875,28.799999999999955,0 0.0,392.374272,281.9203125,37.75999999999999,0 0.0,235.130584,962.56,26.245000000000005,0
JPEGImages/001a7118d6df8b18.jpg 0.0,217.02246399999999,23.478125000000002,70.4,0 0.0,263.218176,44.940000000000005,51.199999999999996,0 0.0,161.68448,125.2878125,140.16000000000003,0 0.0,140.511232,487.63437500000003,153.60000000000002,0
JPEGImages/001c8217521cf174.jpg 0.0,495.644672,132.33125,33.59948800000001,0 0.0,487.11065599999995,135.712416,34.40025600000001,0 0.0,342.75532799999996,149.40625,15.998976000000027,0 0.0,430.93350399999997,157.068445,29.599743999999987,0 0.0,298.14718200000004,244.000256,11.3125,0 0.0,372.622336,310.0181395,16.0,0 0.0,374.044672,381.375,16.0,0 0.0,276.84171299999997,578.400256,10.424999999999963,0 0.0,231.2563635,636.400128,9.044361000000066,0 0.0,379.73299199999997,492.90009599999996,15.200255999999968,0 0.0,412.44416,455.95611549999995,24.80025599999999,0
JPEGImages/001e438a8dbf3a0b.jpg 0.0,189.35756800000001,130.76035000000002,118.00780799999998,0 0.0,256.45926399999996,239.19705600000003,157.97862400000002,0 0.0,138.801152,325.63117800000003,81.844224,0 0.0,174.65036800000001,388.97314,47.58323199999995,0 0.0,130.63168199999998,640.475648,68.63157999999997,0
JPEGImages/001ede9564370173.jpg 0.0,566.6135039999999,132.33125,222.71999999999997,0 0.0,515.413504,495.17999999999995,256.0,0
JPEGImages/002107c2cdc1b568.jpg 0.0,256.960512,332.535625,492.80000000000007,0
JPEGImages/0023b527935101d5.jpg 0.0,311.03999999999996,414.3532195,150.1870080000001,0
JPEGImages/00250a721cc28ceb.jpg 0.0,166.66368,529.1115625,154.24,0
JPEGImages/0026ee2e98601bf4.jpg 0.0,177.91897600000001,400.83562500000005,83.19999999999993,0
JPEGImages/0027e498c43c0a08.jpg 0.0,112.390656,75.98374999999999,14.079999999999998,0 0.0,196.92339199999998,77.07,21.120000000000005,0 0.0,145.53088,180.568125,12.800000000000011,0 0.0,248.795648,259.44374999999997,224.0,0 0.0,50.938106000000005,511.36,8.144999999999987,0 0.0,96.540672,406.59843749999993,19.840000000000032,0 0.0,42.266112,439.425,10.879999999999995,0 0.0,39.900645000000004,655.04,8.861249999999997,0 0.0,71.86933499999999,685.76,11.491874999999983,0 0.0,44.187647999999996,541.2,59.51999999999998,0
JPEGImages/002a76b153f80cde.jpg 0.0,507.733504,315.6740625,375.68,0
JPEGImages/002b5c7c3d515497.jpg 0.0,370.346496,221.975,637.4399999999999,0
JPEGImages/002fbe3379025cf1.jpg 0.0,373.135872,246.70096600000002,89.62457599999999,0
JPEGImages/00340f77969ab17d.jpg 0.0,91.25734399999999,181.84875,93.44000000000003,0 0.0,189.718528,380.31,78.72000000000003,0 0.0,52.352512,386.1084375000001,74.88,0 0.0,286.258688,590.1703125,81.27999999999997,0
JPEGImages/003446d9ec0a27c2.jpg 0.0,126.72,417.910625,111.36000000000001,0
JPEGImages/003714087b37acb1.jpg 0.0,177.92000000000002,79.4482675,238.22848,0 0.0,231.36,143.729712,165.22342400000002,0 0.0,144.64000000000001,166.2650805,146.97164800000002,0 0.0,147.2,214.3032775,58.596352000000024,0 0.0,88.01124999999999,330.927104,33.27938400000001,0 0.0,121.92,276.787799,94.13836799999996,0 0.0,221.44,363.03947999999997,196.922368,0
JPEGImages/003b31ce41ec64d1.jpg 0.0,302.44096,177.23850000000002,158.72000000000003,0
JPEGImages/003b981d73f46089.jpg 0.0,273.646592,439.8946875,105.60000000000002,0 0.0,576.78592,552.3,110.08000000000004,0
JPEGImages/003fed1cc0200df4.jpg 0.0,107.851776,101.1410305,303.275008,0 0.0,298.666496,505.756272,328.2503680000001,0
JPEGImages/0040b6af697eaf8c.jpg 0.0,538.027008,359.855625,565.76,0
JPEGImages/0042797259787e2b.jpg 0.0,134.184448,338.845179,120.41215999999997,0
JPEGImages/00429c3023e8d162.jpg 0.0,241.110528,250.7890625,140.15999999999997,0 0.0,326.604288,393.75,161.92000000000007,0
JPEGImages/0043cd511f54d02d.jpg 0.0,463.36,381.090095,425.31430400000005,0
JPEGImages/004416aba85cd696.jpg 0.0,298.13248,169.4608375,215.763968,0 0.0,325.609984,330.00408000000004,179.21740800000003,0
JPEGImages/0048235182f8dd64.jpg 0.0,600.380928,180.70028549999998,331.785216,0 0.0,328.126976,459.74846399999996,150.377472,0
JPEGImages/0048708215b814fc.jpg 0.0,175.309824,362.20343749999995,127.36000000000001,0
JPEGImages/004902a06ce00c5b.jpg 0.0,549.599232,129.5565625,105.6,0
JPEGImages/004b7bfd0251121a.jpg 0.0,264.13312,299.99818799999997,159.99999999999994,0 0.0,251.74016,500.49988800000006,349.62944000000005,0
JPEGImages/004e577cc9008eef.jpg 0.0,121.49964800000001,337.29545199999995,254.94937599999997,0
JPEGImages/004ed0f30ff6c86e.jpg 0.0,344.446976,128.2759375,77.44,0 0.0,461.79225599999995,293.79,83.84000000000003,0 0.0,234.10688,453.76812499999994,84.4799999999999,0
JPEGImages/004f09aac4ef56d2.jpg 0.0,179.32032,161.5721875,141.43999999999997,0
JPEGImages/0050b2415cedc6bf.jpg 0.0,265.142784,124.6475,373.76,0 0.0,425.383424,575.19,293.76,0
JPEGImages/00523876602f6c40.jpg 0.0,302.648832,178.86062499999997,162.56,0
JPEGImages/005287bd7fc26076.jpg 0.0,152.823296,7.0434375000000005,21.12,0 0.0,215.852032,60.48,39.68000000000001,0 0.0,164.911104,201.485,29.439999999999998,0 0.0,272.836096,215.775,38.39999999999998,0 0.0,135.521216,353.28,31.675000000000008,0 0.0,228.80256,267.22375,44.80000000000001,0 0.0,253.841408,324.90000000000003,39.68000000000001,0 0.0,86.49414,475.2,25.541250000000012,0 0.0,125.175291,507.52,27.239999999999988,0 0.0,151.09632,394.32,22.40000000000009,0 0.0,443.790848,396.7803125,136.31999999999994,0 0.0,166.637056,406.5984375,17.279999999999973,0
JPEGImages/0054166bf8b6107a.jpg 0.0,317.44,114.72282700000001,75.200512,0 0.0,282.88,173.25,54.39999999999998,0 0.0,299.52,295.0775145,65.60051199999998,0 0.0,248.32,550.140625,73.60102400000005,0
JPEGImages/0055eef5f89aa3cc.jpg 0.0,192.71116800000001,372.181726,125.59974399999993,0
JPEGImages/0058763f8880e915.jpg 0.0,674.646528,64.03125,76.80000000000001,0 0.0,644.811776,208.32,46.08000000000004,0 0.0,665.9850240000001,276.615,28.160000000000025,0 0.0,651.548672,300.11562499999997,21.75999999999999,0 0.0,468.15034599999996,478.72,12.67000000000001,0 0.0,660.210688,332.535625,16.639999999999986,0 0.0,593.804288,675.0,110.07999999999993,0
JPEGImages/0059c42b78d98aa9.jpg 0.0,492.25216,328.05343750000003,625.28,0
JPEGImages/0059df9ab60c150c.jpg 0.0,506.88,293.204387,620.398592,0
JPEGImages/005b83be122efcd3.jpg 0.0,165.333504,288.140625,131.99974399999996,0
JPEGImages/005ce2370f87da96.jpg 0.0,321.91999999999996,336.187626,577.9906560000001,0
JPEGImages/005d2408165f2cac.jpg 0.0,236.85939199999999,316.5278125,106.88,0
JPEGImages/005d8f74d402eadc.jpg 0.0,383.14700799999997,209.16875000000002,221.44,0
JPEGImages/005e482f13996811.jpg 0.0,93.2224,333.1759375,146.55999999999995,0 0.0,198.037504,387.03,183.68,0
JPEGImages/0060342720bc034d.jpg 0.0,184.96,83.507678,157.59974400000002,0 0.0,61.76,192.41275199999998,135.19974399999998,0 0.0,111.36,393.258423,64.0,0 0.0,192.64,461.83967250000006,169.60000000000002,0 0.0,61.087500000000006,888.000512,135.75,0
JPEGImages/0060fa461e2f119e.jpg 0.0,196.48000000000002,44.8290465,19.692543999999998,0 0.0,318.08000000000004,110.40791999999999,50.514943999999986,0 0.0,218.88,648.7359389999999,29.11027200000001,0
JPEGImages/00616ae2135bc076.jpg 0.0,377.9456,128.2759375,119.68,0 0.0,91.675648,406.35,90.24000000000001,0
JPEGImages/00619b41a1f45eb7.jpg 0.0,126.4,311.59450350000003,305.656832,0 0.0,702.4000000000001,352.451904,370.259968,0
JPEGImages/0063ecee43b3cc31.jpg 0.0,307.999744,286.00625,684.8000000000001,0
JPEGImages/0064a1e677af01b6.jpg 0.0,678.4000000000001,67.44625,148.48000000000002,0 0.0,111.36,157.71,136.32000000000002,0 0.0,335.36,382.2665625,122.24000000000001,0 0.0,81.493504,434.975,124.16000000000008,0
JPEGImages/00669cf16771af48.jpg 0.0,408.32000000000005,575.4787249999999,104.90265599999998,0
JPEGImages/006c2bd42fda3598.jpg 0.0,118.72,490.69281250000006,151.67999999999995,0
JPEGImages/006ec8a6697247b0.jpg 0.0,262.24384,386.96218749999997,164.47999999999996,0
JPEGImages/006fd953d2fb5221.jpg 0.0,266.88,473.392081,626.583552,0
JPEGImages/0071b940699b4090.jpg 0.0,606.8736,317.0735295,73.24364800000001,0
JPEGImages/0071df96e9e0b12e.jpg 0.0,379.70585600000004,321.01,208.64000000000004,0
JPEGImages/0072bb137bbe4711.jpg 0.0,103.525376,20.1194725,60.32896,0 0.0,263.31392,322.45584,141.295616,0 0.0,150.223872,347.853266,131.77036800000002,0 0.0,268.940288,465.1626075,133.35859200000004,0 0.0,79.16252200000001,728.707072,56.12448000000003,0
JPEGImages/0072e2880b5f54c9.jpg 0.0,245.220864,359.855625,151.03999999999996,0
JPEGImages/007abde95ba33515.jpg 0.0,497.32454399999995,371.808125,272.64,0
JPEGImages/007d47ee756f0826.jpg 0.0,167.625216,109.4934375,62.079999999999984,0 0.0,159.940096,304.5,60.15999999999997,0 0.0,371.272192,399.128125,93.44000000000005,0 0.0,679.144448,445.678125,78.07999999999993,0
JPEGImages/008258ec756ce09f.jpg 0.0,95.285248,88.201937,67.81542400000001,0 0.0,69.875712,267.575952,113.589248,0 0.0,260.44672,347.719398,171.23123199999998,0 0.0,45.73696,347.0364125,71.20588799999996,0 0.0,28.744248000000002,576.4239359999999,59.934168000000014,0 0.0,63.523328,452.3177745,98.33164800000009,0 0.0,60.982783999999995,695.56284,66.11865599999999,0
JPEGImages/00833e9cc37bc454.jpg 0.0,514.985472,156.1143345,201.874432,0
JPEGImages/008385b4f0eba67f.jpg 0.0,463.87968,482.79562500000003,140.79999999999995,0 0.0,286.31552,477.12,115.19999999999993,0 0.0,337.323008,537.8625000000001,58.879999999999995,0 0.0,391.699456,558.4890625,76.16000000000008,0 0.0,267.757282,911.6800000000001,47.51249999999995,0
JPEGImages/008a1b4b3f67689a.jpg 0.0,873.200128,368.82000000000005,215.04000000000002,0
JPEGImages/008a4f71f7f25a5f.jpg 0.0,350.13888000000003,621.103125,122.88,0 0.0,390.003712,185.22,58.879999999999995,0 0.0,379.91731200000004,254.2040625,68.48000000000002,0 0.0,401.05062399999997,299.6875,70.39999999999998,0 0.0,287.969914,573.4399999999999,97.73999999999997,0 0.0,401.53088,486.6375,98.55999999999995,0
JPEGImages/008b197c3a84c731.jpg 0.0,307.52,334.77279150000004,344.85555200000005,0 0.0,517.12,538.0415039999999,133.523456,0
JPEGImages/008b6fe4101cbd99.jpg 0.0,128.240128,504.13937500000003,256.0,0
JPEGImages/008d12bb171b1f25.jpg 0.0,243.441664,265.7296875,115.83999999999997,0
JPEGImages/008df208f11f4555.jpg 0.0,202.235392,301.116942,97.39878399999998,0
JPEGImages/00907d67b139f102.jpg 0.0,231.73376000000002,358.7631665,218.33830399999994,0
JPEGImages/0099f7e3b6bc61ef.jpg 0.0,247.466496,425.736439,286.72,0
JPEGImages/009be918642ea295.jpg 0.0,320.646144,507.12749999999994,259.84000000000003,0
JPEGImages/00a39efceddac9fe.jpg 0.0,177.710592,214.50468750000002,314.24,0 0.0,238.709248,486.57000000000005,68.4799999999999,0 0.0,451.96236799999997,669.34,39.680000000000064,0
JPEGImages/00a610fa187f6cdd.jpg 0.0,583.0000640000001,22.000113,65.968128,0 0.0,559.499776,129.87408,251.87737599999997,0 0.0,621.499904,240.000053,140.93107199999997,0 0.0,627.5000319999999,345.5088625,199.40249599999999,0 0.0,440.834188,665.675264,103.88313999999998,0
JPEGImages/00ae560f0da59645.jpg 0.0,289.140736,351.318125,348.15999999999997,0
JPEGImages/00b356202d60a3b9.jpg 0.0,99.84,108.14178050000001,85.332992,0 0.0,229.12,288.39988800000003,172.37299200000007,0 0.0,225.28,375.081061,97.27999999999997,0
JPEGImages/00b644f5288d2c19.jpg 0.0,165.689344,12.80625,38.4,0 0.0,126.193664,34.02,65.28,0 0.0,221.080064,95.40656249999999,95.36,0 0.0,257.20422399999995,315.09999999999997,84.47999999999996,0 0.0,295.934276,713.9200000000001,58.372500000000045,0 0.0,141.12512,483.8628125,67.19999999999993,0 0.0,144.49664,589.725,78.72000000000003,0
JPEGImages/00bde08ac2018ec9.jpg 0.0,286.4,301.4929335,391.558144,0
JPEGImages/00c0818404bfb324.jpg 0.0,358.40000000000003,332.10875,304.64,0 0.0,343.04,431.55,135.03999999999996,0
JPEGImages/00c0cccf7b28487d.jpg 0.0,399.786496,113.33531249999999,18.560000000000002,0 0.0,391.252992,120.11999999999999,26.879999999999995,0 0.0,378.453504,138.5209375,24.960000000000008,0 0.0,381.44,224.3375,29.439999999999998,0 0.0,240.428454,388.15999999999997,18.552499999999966,0 0.0,383.146496,313.5396875,26.24000000000001,0 0.0,380.15999999999997,350.09999999999997,42.23999999999995,0 0.0,302.67236099999997,570.56,21.371249999999915,0 0.0,268.995,695.36,25.963124999999977,0 0.0,447.572992,586.3199999999999,56.960000000000036,0 0.0,403.2,530.17875,56.319999999999936,0 0.0,412.15999999999997,566.6765625,50.559999999999945,0 0.0,380.58700799999997,642.9981250000001,69.7600000000001,0
JPEGImages/00c2dc9888e096bc.jpg 0.0,329.28,303.6505305,531.6270079999999,0
JPEGImages/00c6ad52c89f5461.jpg 0.0,272.091648,340.7394795,374.023168,0
JPEGImages/00c74e0f11d24f66.jpg 0.0,904.107008,228.80499999999998,263.68,0
JPEGImages/00cdc661978ba620.jpg 0.0,233.343488,112.4815625,114.55999999999999,0 0.0,226.56460800000002,170.52,87.04000000000002,0 0.0,271.163904,330.6146875,127.36000000000001,0
JPEGImages/00cde5e5b03e47dd.jpg 0.0,184.32000000000002,404.20452250000005,382.7947520000001,0
JPEGImages/00d4d469624a5c35.jpg 0.0,528.810496,389.73687499999994,387.84000000000003,0
JPEGImages/00d5b5460b0c2e77.jpg 0.0,287.36,368.53518899999995,197.12,0
JPEGImages/00d96af314a5368f.jpg 0.0,597.238784,368.1796875,104.32,0
JPEGImages/00dbac4e71c8d7d9.jpg 0.0,161.024,215.3584375,163.20000000000002,0 0.0,480.66304,418.32000000000005,156.15999999999997,0
JPEGImages/00dbf05c29e286a2.jpg 0.0,433.711104,355.8003125,979.84,0
JPEGImages/00dda07a78d26e60.jpg 0.0,211.835392,174.8053125,178.56,0 0.0,391.62112,363.72,179.20000000000005,0
JPEGImages/00e5eb7fe4a2db73.jpg 0.0,427.467264,289.085214,272.873472,0
JPEGImages/00e610dc3fb020a6.jpg 0.0,368.64,366.25875,147.62598400000002,0 0.0,247.04,444.6398879999999,196.26700799999992,0
JPEGImages/00e680aee77c9cd1.jpg 0.0,315.484672,106.291875,62.72,0 0.0,285.62227199999995,154.14,108.79999999999998,0 0.0,284.176896,400.1953125,76.16000000000008,0 0.0,158.946304,619.7109375000001,97.91999999999996,0 0.0,190.02466,1003.52,28.055000000000046,0
JPEGImages/00e73a6d2e013f01.jpg 0.0,211.84,404.40805650000004,325.29305600000004,0
JPEGImages/00ecca085e2708a2.jpg 0.0,375.466496,364.12437500000004,78.08000000000004,0
JPEGImages/00ed80da990286c8.jpg 0.0,462.28224,403.39687499999997,299.5199999999999,0
JPEGImages/00f2f2c4adee821d.jpg 0.0,457.81299199999995,352.59875,344.31999999999994,0
JPEGImages/00faf52058ad28b8.jpg 0.0,337.91999999999996,211.4359685,182.83417599999999,0
JPEGImages/00fd529bcd71661f.jpg 0.0,500.48,238.4096875,714.88,0
JPEGImages/0102e969b4d86515.jpg 0.0,354.941952,303.2946875,273.28000000000003,0
JPEGImages/0104f303a8bb8006.jpg 0.0,302.44096,477.417,262.144,0 0.0,442.914816,532.896,106.49599999999998,0 0.0,820.581376,674.804,22.52800000000002,0
JPEGImages/01053fdde63e27c8.jpg 0.0,555.093504,396.99375000000003,456.9599999999999,0
JPEGImages/01078012fcf6c2d5.jpg 0.0,320.94464,362.45990400000005,464.86323200000004,0
JPEGImages/010ae25a9bd85acd.jpg 0.0,356.15999999999997,252.12057099999998,146.972672,0
JPEGImages/010c96f14cb87a3d.jpg 0.0,175.78700800000001,221.975,213.76000000000002,0
JPEGImages/010eaed5f56c79e6.jpg 0.0,195.83999999999997,403.619533,247.72607999999997,0
JPEGImages/010f95bcd5319dbc.jpg 0.0,459.16723199999996,104.3709375,312.96,0 0.0,279.054336,324.24,294.4,0
JPEGImages/01168b8cb8d4373b.jpg 0.0,533.15072,256.125,531.2,0 0.0,612.56448,548.31,375.68000000000006,0
JPEGImages/011e431cdc1e4162.jpg 0.0,654.4000000000001,336.6626525,307.489792,0 0.0,356.16,307.761888,129.57081599999998,0 0.0,62.72,303.125645,73.488384,0
JPEGImages/011f2a08573a4499.jpg 0.0,357.771264,423.67343750000003,104.32000000000005,0
JPEGImages/0120c4479a12856b.jpg 0.0,213.9776,415.349375,221.44000000000005,0
JPEGImages/0120ed8891c7c74a.jpg 0.0,248.43264,282.59125,139.51999999999998,0 0.0,635.6945920000001,629.37,128.64,0
JPEGImages/0121bd8b74929e05.jpg 0.0,299.52,366.6900645,258.15142399999996,0
JPEGImages/0121ef170a8d995b.jpg 0.0,218.056192,315.03375,74.24000000000001,0
JPEGImages/01248af2b68f6206.jpg 0.0,320.426496,137.2403125,94.08000000000001,0 0.0,258.133504,209.16000000000003,99.83999999999997,0 0.0,219.30649599999998,336.37750000000005,76.80000000000001,0 0.0,173.226496,552.9234375,100.4799999999999,0
JPEGImages/0127543927a81e26.jpg 0.0,240.704512,422.60625,119.03999999999996,0
JPEGImages/012edbb45408ba18.jpg 0.0,669.5383039999999,154.955625,98.56000000000003,0 0.0,214.693888,464.31,64.63999999999999,0
JPEGImages/01365c8bd7c03b5f.jpg 0.0,196.267008,72.141875,154.88,0 0.0,187.307008,153.72,136.96000000000004,0 0.0,208.64,247.58750000000003,152.32,0 0.0,235.94649600000002,403.50781250000006,124.80000000000007,0
JPEGImages/013dc4a9ba3e5e0f.jpg 0.0,369.911296,96.2603125,77.44,0 0.0,319.819264,140.70000000000002,44.80000000000001,0 0.0,387.73299199999997,291.555625,84.48000000000002,0
JPEGImages/013f237126216474.jpg 0.0,475.912192,117.723929,298.99980800000003,0 0.0,867.618304,153.89068799999998,173.000704,0 0.0,974.379008,229.4453125,155.999232,0 0.0,359.37740799999995,491.005945,248.00051200000007,0
JPEGImages/014192a363715c8c.jpg 0.0,202.24,191.24,179.769344,0 0.0,845.652992,610.0268159999999,86.47065599999996,0
JPEGImages/015b06406d46fb87.jpg 0.0,297.655296,331.8953125,332.15999999999997,0
JPEGImages/01609303c64ed39a.jpg 0.0,599.2002560000001,541.064404,422.4000000000001,0
JPEGImages/0161818e894867b2.jpg 0.0,348.859392,473.83125,106.24000000000001,0
JPEGImages/0169fa3f5378fe92.jpg 0.0,225.28,343.2075,56.32000000000005,0 0.0,219.307008,390.6,94.71999999999991,0
JPEGImages/016a47614fc87b35.jpg 0.0,202.68697600000002,315.8875,176.64,0
JPEGImages/017031bf79735b07.jpg 0.0,174.000128,239.2006015,257.127424,0 0.0,306.499584,449.97355200000004,324.79334399999993,0
JPEGImages/017349def840236b.jpg 0.0,136.64,498.91749849999997,216.7449600000001,0
JPEGImages/017688e4084811b5.jpg 0.0,218.46630399999998,92.4184375,92.80000000000001,0 0.0,216.541696,216.08999999999997,86.40000000000003,0 0.0,206.43583999999998,323.998125,76.79999999999995,0 0.0,209.80428799999999,403.29375000000005,69.12,0 0.0,149.01874800000002,713.5999999999999,42.534999999999975,0 0.0,211.72940799999998,541.2775,35.84000000000003,0 0.0,212.69196799999997,631.1249999999999,33.91999999999996,0
JPEGImages/017931803f1fc9ad.jpg 0.0,369.23648000000003,326.3459375,90.23999999999995,0
JPEGImages/017b0ba49223d7c0.jpg 0.0,226.13350400000002,329.494226,131.99974400000002,0 0.0,561.6,140.175168,135.999488,0 0.0,806.9335040000001,545.3328125,176.0,0
JPEGImages/017eb9b8935e83bc.jpg 0.0,151.467008,442.4559375,144.0,0
JPEGImages/017ec1ebaf0fe843.jpg 0.0,379.5584,411.28484199999997,761.3214720000001,0
JPEGImages/01825bf136d37a06.jpg 0.0,83.288576,38.41875,58.88000000000001,0 0.0,142.408192,278.03999999999996,140.8,0 0.0,112.290816,426.44812499999995,58.879999999999995,0 0.0,81.800704,452.528125,51.200000000000045,0 0.0,91.48572600000001,703.3599999999999,64.255,0 0.0,95.930368,492.4003125,48.0,0
JPEGImages/01868f7ebe680e2f.jpg 0.0,212.61824,557.49875,174.08000000000004,0
JPEGImages/018abc06edf4fbb3.jpg 0.0,161.28,305.215625,172.8,0
JPEGImages/018ccb9748f05cbf.jpg 0.0,312.470528,376.1489315,50.701311999999916,0
JPEGImages/018da59335e804f6.jpg 0.0,298.62656000000004,131.2640625,86.4,0 0.0,231.676416,456.75,80.0,0 0.0,348.2368,492.18687500000004,46.08000000000004,0
JPEGImages/018de89c72050eb4.jpg 0.0,329.624064,394.64593750000006,507.52000000000004,0
JPEGImages/0195b7b90f368fe2.jpg 0.0,209.200128,105.6515625,206.72,0 0.0,263.600128,467.04,299.5200000000001,0
JPEGImages/019688b9f2d8ab97.jpg 0.0,275.692544,323.998125,345.59999999999997,0
JPEGImages/019697355b657a53.jpg 0.0,602.29632,311.191875,220.15999999999997,0
JPEGImages/019a1004486c6769.jpg 0.0,322.56,194.65499999999997,409.59999999999997,0
JPEGImages/019ac7e11f4e63b1.jpg 0.0,185.395712,499.6571875,67.20000000000005,0 0.0,105.18579199999999,627.06,135.68000000000006,0
JPEGImages/01a1d71a45aee4a8.jpg 0.0,231.02412800000002,244.38593749999998,146.56,0
JPEGImages/01ac4efbd6dc6f55.jpg 0.0,183.50694399999998,473.61781249999996,124.80000000000007,0
JPEGImages/01b5d1a755bcf52b.jpg 0.0,276.62336,304.5753125,368.0,0
JPEGImages/01b8a98d38cf77d6.jpg 0.0,169.92,291.119871,306.91328,0
JPEGImages/01c1552c1f8413cd.jpg 0.0,879.7864959999999,169.89625,110.07999999999998,0 0.0,764.1600000000001,273.63,105.59999999999997,0 0.0,354.56,314.17999999999995,66.56,0 0.0,814.506496,329.228125,52.47999999999996,0 0.0,530.933092,587.52,35.29500000000005,0 0.0,771.412992,463.58624999999995,75.51999999999998,0 0.0,777.386496,557.9999999999999,79.36000000000001,0
JPEGImages/01c60c7d9692e6a9.jpg 0.0,351.57350399999996,155.5959375,223.35999999999999,0
JPEGImages/01c8fed4334faae6.jpg 0.0,114.152448,612.13875,130.55999999999995,0 0.0,91.99616,11.97,35.2,0 0.0,122.82214400000001,52.9325,104.96000000000001,0 0.0,140.162048,88.83593750000001,71.03999999999999,0 0.0,21.794933999999998,658.24,82.8075,0 0.0,143.533568,452.060625,101.12,0
JPEGImages/01d2b557b3559f2b.jpg 0.0,162.822144,362.20343749999995,164.47999999999996,0
JPEGImages/01d4ac15f633947b.jpg 0.0,169.542656,226.88406249999997,173.44,0 0.0,363.168768,351.12,177.92000000000002,0
JPEGImages/01d4f6455ae54942.jpg 0.0,589.8240000000001,126.51960300000002,185.059328,0
JPEGImages/01d6e7733f9e82e4.jpg 0.0,428.373504,414.7090625,150.4000000000001,0
JPEGImages/01dc6ef7586662a7.jpg 0.0,570.6664959999999,127.06190500000001,380.99968,0
JPEGImages/01e156e1494afc3f.jpg 0.0,187.20000000000002,168.66992349999998,333.016064,0
JPEGImages/01e1d8b3e3e5f523.jpg 0.0,319.87968,334.0296875,82.56000000000006,0
JPEGImages/01e75141fbec8f91.jpg 0.0,337.98656,328.107736,257.673216,0
JPEGImages/01ece450b8073435.jpg 0.0,229.668864,233.5419465,110.10764800000004,0
JPEGImages/0206c6d655119ea0.jpg 0.0,536.800256,420.471875,444.798976,0
JPEGImages/020b86445c8e6d4d.jpg 0.0,660.893184,277.6821875,144.0,0 0.0,233.906176,458.42999999999995,193.91999999999996,0
JPEGImages/020fad1eda0dd993.jpg 0.0,458.042368,465.29374999999993,185.60000000000002,0 0.0,199.044608,511.87516800000003,219.19948799999997,0
JPEGImages/02129d9f2382ff30.jpg 0.0,203.206144,283.871875,133.12,0
JPEGImages/021be203e1386d3a.jpg 0.0,618.197504,96.17766950000001,288.392192,0
JPEGImages/0225f378cfb5ca3c.jpg 0.0,68.400128,28.013586500000002,83.999744,0 0.0,76.000256,62.01552,99.00032,0 0.0,84.400128,137.73412150000001,90.999808,0 0.0,160.399872,199.34561749999997,69.999616,0 0.0,136.88125000000002,380.000256,45.25,0 0.0,196.8,350.1710265,69.999616,0 0.0,199.199744,416.60172,76.9996799999999,0 0.0,158.329479,650.999808,37.464948000000014,0 0.0,119.44093050000001,696.999936,42.5625,0 0.0,145.200128,584.6250239999999,75.00083200000006,0 0.0,121.19961599999999,552.9366514999999,94.00012800000002,0 0.0,101.200384,593.956607,95.00057600000002,0 0.0,67.2,642.704865,115.99974399999996,0
JPEGImages/02281d0ba94db1bc.jpg 0.0,328.487424,122.94,368.64,0 0.0,511.082496,439.74,705.28,0
JPEGImages/022bbb4cb666f482.jpg 0.0,865.707008,156.4496875,132.48000000000002,0 0.0,802.133504,426.51,110.72000000000003,0
JPEGImages/022cf1cfbff5d623.jpg 0.0,314.56,440.01933499999996,272.4536320000001,0 0.0,93.12,454.52904,180.61619199999996,0
JPEGImages/022e05294cdf96bb.jpg 0.0,422.327808,391.65781250000003,384.64,0
JPEGImages/023148a5c606736c.jpg 0.0,505.333248,73.725069,221.067264,0 0.0,385.999872,376.374768,112.61849600000005,0
JPEGImages/02356f8e29b267d0.jpg 0.0,348.79999999999995,115.5407195,346.452992,0 0.0,293.76,567.0,318.29401600000006,0
JPEGImages/0235f81d0985389c.jpg 0.0,492.16,463.6200585,636.8942079999999,0
JPEGImages/02395f608b49b734.jpg 0.0,125.44,405.8812874999999,155.27833599999997,0 0.0,184.32,522.590208,146.88460799999996,0
JPEGImages/023e639650f700b1.jpg 0.0,519.231488,275.5478125,150.39999999999998,0 0.0,131.615744,434.7,108.79999999999995,0
JPEGImages/023f5d5e53c81089.jpg 0.0,407.04,276.8284375,42.879999999999995,0
JPEGImages/0247418e7a9d66d5.jpg 0.0,431.6032,426.448125,85.75999999999999,0
JPEGImages/0250630f8ec7ec67.jpg 0.0,160.427008,372.0215625,177.27999999999997,0
JPEGImages/026762eef172589a.jpg 0.0,457.28,156.948619,74.10483200000002,0 0.0,81.6,212.210544,78.916608,0 0.0,386.88,370.38611899999995,153.98502399999995,0 0.0,66.88,373.72435499999995,76.02995199999998,0 0.0,36.6525,682.8267519999999,53.75555199999999,0 0.0,182.08,658.607338,65.44384000000002,0
JPEGImages/0268c26c95b49298.jpg 0.0,312.195072,248.44125000000003,112.63999999999999,0 0.0,307.392,463.04999999999995,108.15999999999997,0
JPEGImages/026c9af545bfdee2.jpg 0.0,297.386496,456.5428125,173.44000000000005,0 0.0,186.88,160.02,161.28000000000003,0 0.0,225.28,589.94125,120.31999999999994,0
JPEGImages/026ef6f095fddb3b.jpg 0.0,337.066496,452.91437499999995,366.08000000000004,0
JPEGImages/02729b2c040b61c1.jpg 0.0,511.146496,371.5946875,775.04,0
JPEGImages/0277e358a0f2bfa1.jpg 0.0,167.947776,468.92218749999995,205.43999999999994,0 0.0,305.184256,202.86,215.04,0
JPEGImages/0288c03e1b73ca22.jpg 0.0,421.888,176.5555,230.4,0 0.0,387.754496,365.56800000000004,251.90400000000005,0 0.0,417.79200000000003,498.59,270.336,0
JPEGImages/028d3dd7ebf7b10b.jpg 0.0,190.25408,194.44156249999997,177.28000000000003,0 0.0,460.46259200000003,334.11,112.0,0 0.0,409.88876799999997,533.166875,126.72000000000003,0
JPEGImages/029d82a0dafe0aec.jpg 0.0,489.864704,93.6990625,280.96,0 0.0,303.63903999999997,153.09,179.83999999999997,0 0.0,307.970048,218.56,256.0,0 0.0,225.683968,290.696875,252.15999999999997,0 0.0,189.845832,643.84,126.70000000000003,0
JPEGImages/02aa8fba7b5c55a7.jpg 0.0,144.64,491.99153700000005,453.183488,0
JPEGImages/02b9c5fa3e8610be.jpg 0.0,268.007424,52.505625,157.44,0 0.0,268.007424,192.78,152.32000000000002,0 0.0,256.0,267.22375,111.36000000000001,0 0.0,256.480256,375.25156250000003,60.80000000000007,0 0.0,148.39972799999998,647.6800000000001,130.32000000000002,0
JPEGImages/02c3e0134c153111.jpg 0.0,387.84,343.2075,798.7199999999999,0
JPEGImages/02c6da49dad3c0e6.jpg 0.0,191.8848,135.413629,266.743808,0 0.0,754.623488,332.59632,210.43200000000002,0
JPEGImages/02c86ad0c9ca8693.jpg 0.0,247.803904,556.645,78.08000000000004,0 0.0,269.981184,85.25999999999999,66.55999999999999,0 0.0,230.92992,128.2759375,78.72,0
JPEGImages/02cccd551ac6d602.jpg 0.0,157.058048,453.5546875,114.55999999999995,0
JPEGImages/02d658464834d98f.jpg 0.0,298.591744,38.6321875,115.84,0 0.0,364.048896,171.98999999999998,40.32000000000002,0 0.0,399.019008,262.3146875,77.44,0 0.0,296.35072,348.27968749999997,236.16000000000003,0 0.0,298.919328,702.0799999999999,114.93500000000004,0 0.0,246.584832,564.1153125,174.72000000000003,0
JPEGImages/02dfb087b381bbae.jpg 0.0,116.890624,109.70687500000001,117.76000000000002,0
JPEGImages/02e37aa3f1e29fcc.jpg 0.0,727.154176,105.01125,313.6,0 0.0,278.322688,159.39,150.39999999999998,0 0.0,249.350656,224.963125,135.68,0 0.0,474.95372799999996,314.24375,156.16000000000003,0 0.0,134.99414399999998,717.12,103.62249999999996,0
JPEGImages/02e4bb59a95d960f.jpg 0.0,277.613568,500.93781249999995,333.43999999999994,0 0.0,210.37158399999998,27.3,83.2,0 0.0,368.8704,147.4853125,183.67999999999998,0 0.0,289.140736,242.31875,293.12,0 0.0,194.583326,551.04,119.45999999999998,0
JPEGImages/02e9d254eb38b6b5.jpg 0.0,152.255488,286.2196875,65.91999999999996,0 0.0,225.26054399999998,299.25,114.55999999999995,0 0.0,424.10496,436.0528125,183.68000000000006,0 0.0,244.47283199999998,443.109375,162.55999999999995,0 0.0,134.81604,699.2,55.65749999999994,0
JPEGImages/0304e7bf1daeb89b.jpg 0.0,463.988736,453.34125000000006,289.2800000000001,0
JPEGImages/030670bbe9a23240.jpg 0.0,289.22521600000005,255.698125,52.48000000000002,0 0.0,262.45376,279.72,47.360000000000014,0 0.0,250.024448,325.70562500000005,97.28000000000003,0 0.0,288.2688,363.05,40.960000000000036,0 0.0,158.86080399999997,761.5999999999999,48.870000000000005,0 0.0,348.025856,550.8821875,142.72000000000003,0
JPEGImages/030b4017edca0a74.jpg 0.0,403.968,420.18911299999996,152.674304,0 0.0,129.536,206.45755200000002,58.60249600000003,0
JPEGImages/030f6737ac46cdd3.jpg 0.0,557.628416,260.82062499999995,84.47999999999996,0 0.0,411.61728,175.35,82.56000000000003,0 0.0,263.684608,235.208125,69.12,0 0.0,105.18527999999999,264.36718750000006,60.80000000000001,0 0.0,280.49895799999996,484.48,44.34500000000002,0 0.0,296.3456,331.0415625,76.15999999999997,0 0.0,452.92288,384.075,76.16000000000003,0 0.0,264.047736,668.8,74.0175,0 0.0,90.3955995,717.76,52.35187500000002,0
JPEGImages/0312c43354e6160d.jpg 0.0,333.333504,423.2062654999999,136.99993600000005,0
JPEGImages/0313685362d87ec5.jpg 0.0,501.433856,375.8634375,356.48,0
JPEGImages/031c273b03ca903f.jpg 0.0,340.546048,94.55281249999999,14.719999999999999,0 0.0,337.712128,125.79,24.960000000000008,0 0.0,309.37241600000004,310.338125,17.920000000000016,0 0.0,357.077504,320.45156249999997,45.44,0 0.0,194.69192599999997,576.64,7.240000000000006,0 0.0,307.483136,408.73281249999997,22.399999999999977,0 0.0,325.431296,503.77500000000003,32.639999999999986,0 0.0,242.736951,917.44,33.881250000000016,0 0.0,169.936059,935.6800000000001,8.512500000000045,0 0.0,261.195264,717.1200000000001,14.080000000000041,0
JPEGImages/031df2f238968e62.jpg 0.0,177.19654400000002,579.0559375,201.60000000000002,0 0.0,23.596544,644.28,83.20000000000005,0
JPEGImages/0327764de433371f.jpg 0.0,121.03577600000001,386.1084375,138.88000000000005,0
JPEGImages/032f068b37db5686.jpg 0.0,535.6800000000001,323.6392085,908.317696,0
JPEGImages/033302f5f4223d16.jpg 0.0,312.382464,360.70937499999997,79.36000000000001,0
JPEGImages/0333584f64d8dd2f.jpg 0.0,918.666752,87.74671749999999,140.444672,0 0.0,212.66688,189.87494400000003,217.77817599999997,0 0.0,544.0,205.729845,192.0,0 0.0,91.333632,430.20603,59.55583999999999,0
JPEGImages/0340ccbd29ff9f01.jpg 0.0,515.500032,226.9967575,325.270528,0
JPEGImages/0343e053cb59d9a8.jpg 0.0,215.04,261.8878125,186.24,0
JPEGImages/034c1ad7dfbdb9ad.jpg 0.0,263.68460799999997,341.5,407.03999999999996,0
JPEGImages/034f9f6304917118.jpg 0.0,354.461696,183.129375,119.03999999999999,0 0.0,303.549952,11.760000000000002,35.84,0 0.0,139.28704,103.30375,111.36,0 0.0,215.174656,391.09218749999997,126.07999999999993,0 0.0,236.01313999999996,611.52,90.04750000000001,0 0.0,390.964224,599.759375,102.39999999999998,0 0.0,123.437056,683.1,94.72000000000003,0
JPEGImages/0354167168e5dd81.jpg 0.0,377.035776,290.275,129.27999999999997,0
JPEGImages/0354d5cdb360c153.jpg 0.0,278.87872,332.1029445,153.05625600000002,0
JPEGImages/035730658f11140a.jpg 0.0,306.220032,366.445892,603.56608,0
JPEGImages/0357f472daa7cbcb.jpg 0.0,188.250624,459.9578125,339.20102399999996,0
JPEGImages/035910406a3f84c6.jpg 0.0,462.62988800000005,618.96875,158.72000000000003,0 0.0,365.592576,69.51,183.67999999999998,0
JPEGImages/0362b35d466ff4e7.jpg 0.0,661.599744,355.16,304.63999999999993,0
JPEGImages/03632a1dcc1cb4ac.jpg 0.0,524.2255359999999,99.2484375,215.67999999999998,0 0.0,340.84454400000004,541.38,213.76,0
JPEGImages/0366ae467b9baf91.jpg 0.0,460.000256,201.058125,194.56000000000003,0 0.0,130.399744,264.6,152.32,0 0.0,453.99961600000006,398.9146875,218.24000000000007,0
JPEGImages/0368ded1b2f7b169.jpg 0.0,349.013504,78.118125,234.24,0 0.0,302.50649599999997,587.7900000000001,255.36,0
JPEGImages/03702b8b0f326253.jpg 0.0,547.413504,467.855,432.64,0
JPEGImages/037663b35ada9c07.jpg 0.0,249.999872,326.1594785,112.0,0
JPEGImages/03783f4a54da516e.jpg 0.0,473.911296,310.082,169.98400000000004,0
JPEGImages/037a73ba682d570b.jpg 0.0,295.384576,181.421875,192.0,0 0.0,73.96608,380.72999999999996,174.71999999999997,0 0.0,739.662336,564.9690625,318.08000000000004,0
JPEGImages/03813ddb6703b7d9.jpg 0.0,509.609472,378.8515625,502.40000000000003,0
JPEGImages/0385abd1057bfc94.jpg 0.0,245.11283200000003,313.753125,128.0,0
JPEGImages/038673ca00425336.jpg 0.0,326.145536,221.975,121.60000000000002,0 0.0,340.53376000000003,366.975168,152.00051200000001,0 0.0,320.150016,425.80815400000006,96.0,0 0.0,375.306752,515.8909675,86.40000000000009,0
JPEGImages/038b167f3b7e005d.jpg 0.0,423.08096,167.1215625,99.20000000000002,0 0.0,934.603264,208.95,78.71999999999997,0 0.0,265.321984,382.48,101.12,0
JPEGImages/038fe752ed842b9c.jpg 0.0,208.32,297.93143,267.046912,0
JPEGImages/038fe8debed39f1c.jpg 0.0,234.969088,265.51625,157.44,0
JPEGImages/038ff409a7e008f1.jpg 0.0,169.065472,539.729822,198.602752,0
JPEGImages/0390884e44139f16.jpg 0.0,223.04512,263.80875,42.24000000000001,0 0.0,134.4384,309.54,133.12,0
JPEGImages/039fd159252c2745.jpg 0.0,286.31552,410.533542,99.0003200000001,0
JPEGImages/03a1fe440fe470f7.jpg 0.0,284.954112,500.30023200000005,377.430016,0
JPEGImages/03a23713bff71da4.jpg 0.0,523.527168,90.4975,149.76,0 0.0,205.568512,158.54999999999998,136.32,0 0.0,60.998144,278.5359375,126.07999999999998,0 0.0,636.878336,364.7625,156.16000000000003,0 0.0,361.320888,592.0,104.07500000000003,0 0.0,249.275904,441.1753125,120.95999999999992,0 0.0,633.035776,545.4000000000001,175.36,0 0.0,213.194169,953.28,107.89875000000002,0 0.0,54.9400155,990.72,43.41374999999998,0
JPEGImages/03abb9572e8e2053.jpg 0.0,151.466496,400.729077,171.200512,0
JPEGImages/03ad069d5edfdb29.jpg 0.0,734.208,147.755439,415.744,0
JPEGImages/03b09b3d76ee1f88.jpg 0.0,158.4,367.697148,257.16940800000003,0
JPEGImages/03b23d1c6815678e.jpg 0.0,452.8,431.84041,109.5086080000001,0 0.0,213.76,489.816096,80.69119999999998,0
JPEGImages/03b8c6402a92d6ea.jpg 0.0,53.600256,241.717798,120.00051199999996,0 0.0,362.399744,336.525168,190.39948800000002,0 0.0,758.4,493.04062500000003,332.80000000000007,0
JPEGImages/03bc6073c9dce503.jpg 0.0,350.29350400000004,178.43374999999997,341.76,0
JPEGImages/03bd2fdf165dde80.jpg 0.0,311.96672,572.2259375000001,103.04000000000008,0 0.0,279.62112,4.2,12.8,0 0.0,302.60326399999997,24.331874999999997,15.359999999999996,0 0.0,401.76896,149.415625,140.79999999999998,0 0.0,177.23845799999998,391.68,75.11500000000001,0
JPEGImages/03c2b27af1fd660e.jpg 0.0,388.94643199999996,401.72693999999996,153.05523200000005,0
JPEGImages/03c5a1f5ef8804f2.jpg 0.0,306.144256,296.678125,151.04000000000008,0
JPEGImages/03c9a2bdf995fabc.jpg 0.0,163.42016,194.76154799999998,124.00025599999998,0 0.0,211.39712,346.171728,55.00006400000001,0 0.0,182.161408,359.508661,32.0,0 0.0,234.635264,437.15569750000003,133.00019199999997,0
JPEGImages/03d272c5e33ce307.jpg 0.0,216.64000000000001,361.13624999999996,168.10598399999998,0 0.0,260.48,156.519888,118.61299200000002,0
JPEGImages/03e409bc81fa4ed0.jpg 0.0,121.742336,188.08761349999997,343.43424,0 0.0,72.817664,437.316768,305.625088,0
JPEGImages/03ea280290289cc7.jpg 0.0,413.538816,480.234375,83.20000000000005,0
JPEGImages/03f0300f566fb94e.jpg 0.0,261.76,108.77389699999999,90.179584,0 0.0,249.59999999999997,234.50851200000002,156.760064,0 0.0,223.35999999999999,459.830433,74.16627200000005,0
JPEGImages/03f9156ce0d1b96a.jpg 0.0,210.404352,242.67843749999997,112.0,0
JPEGImages/03fa1054eaea89e0.jpg 0.0,328.525312,578.2021875,170.88,0
JPEGImages/0409317d43e843fe.jpg 0.0,658.346496,178.43374999999997,203.51999999999998,0 0.0,618.667008,305.13,146.56,0
JPEGImages/0410bd1e58299951.jpg 0.0,544.500224,273.300401,64.65740799999998,0
JPEGImages/041159269a2c3433.jpg 0.0,325.76,329.5475,80.21401600000002,0
JPEGImages/0418578fa2346505.jpg 0.0,613.973504,504.139375,130.56000000000006,0 0.0,534.613504,192.57,104.32000000000002,0 0.0,489.81350399999997,268.2909375,54.39999999999998,0 0.0,461.653504,318.7390625,21.120000000000005,0 0.0,325.49845400000004,503.04,24.43500000000004,0 0.0,482.986496,420.6853125,49.27999999999997,0 0.0,511.147008,451.125,56.960000000000036,0 0.0,391.632639,695.6800000000001,29.190000000000026,0
JPEGImages/041a477c935d2b8f.jpg 0.0,483.999744,464.2265625,364.8010240000001,0
JPEGImages/041b30ca924740a2.jpg 0.0,212.16,433.082787,513.4499839999999,0
JPEGImages/0422df403cd66dff.jpg 0.0,98.666496,370.84782700000005,64.0,0
JPEGImages/04258852f6d1370a.jpg 0.0,205.227008,153.8884375,113.28,0
JPEGImages/0428eea6cfa4151b.jpg 0.0,313.864704,213.010625,81.92000000000002,0 0.0,212.545024,386.82000000000005,101.12,0
JPEGImages/042cfbc6ca55489b.jpg 0.0,436.98175999999995,361.509851,436.00076799999994,0
JPEGImages/0431efa0d9623971.jpg 0.0,147.469312,525.6965625,123.51999999999998,0 0.0,128.828416,147.63,97.92000000000002,0 0.0,256.41420800000003,256.125,103.67999999999995,0 0.0,220.37504,319.809375,101.12,0 0.0,128.281578,888.3199999999999,57.01499999999999,0
JPEGImages/04356dd5ed3c4d90.jpg 0.0,102.30374400000001,359.64218750000003,112.00000000000006,0
JPEGImages/043c5939fd81e72f.jpg 0.0,91.732992,184.089673,116.79948800000003,0
JPEGImages/0449f999189a84ee.jpg 0.0,723.2,585.1032195,232.10700799999995,0 0.0,637.12,282.613296,199.11167999999998,0
JPEGImages/04584420be2b0670.jpg 0.0,181.44,155.284831,62.46195199999997,0 0.0,158.72,257.123664,189.27923200000004,0 0.0,204.16,329.50651999999997,62.46195200000005,0 0.0,208.64,364.0250975,49.21241599999996,0
JPEGImages/045d39f9651ad54b.jpg 0.0,146.491904,264.4490625,113.28000000000003,0
JPEGImages/0461a6d792cc3b32.jpg 0.0,303.97184,455.134125,392.74291200000005,0
JPEGImages/04621e270b2a45d3.jpg 0.0,277.613568,80.2525,16.639999999999986,0 0.0,284.81843200000003,103.53,13.439999999999998,0 0.0,290.582016,160.2915625,23.680000000000007,0 0.0,281.45561599999996,177.4578125,21.119999999999976,0 0.0,214.958496,307.52,16.742500000000003,0 0.0,391.924736,362.84375,113.92000000000002,0 0.0,304.990208,418.50000000000006,93.43999999999994,0 0.0,276.174513,759.36,39.09375,0 0.0,216.8852205,780.1600000000001,30.645000000000028,0
JPEGImages/046bd053aae5ce0e.jpg 0.0,278.666752,250.122113,593.999872,0 0.0,365.333504,562.734144,330.99980800000003,0
JPEGImages/046c9cf7522dfbd3.jpg 0.0,525.9289600000001,345.5553125,668.8,0
JPEGImages/04790999ee4533cc.jpg 0.0,337.19808,420.42304050000007,49.34963200000004,0
JPEGImages/0479790e1e93c1b2.jpg 0.0,120.96,330.4944795,399.00057599999997,0
JPEGImages/0480f9414ed41cd4.jpg 0.0,120.96000000000001,277.7532195,187.73299200000002,0
JPEGImages/04986986f87a8603.jpg 0.0,182.72,384.38898500000005,170.182656,0
JPEGImages/0499cfd6df1c659b.jpg 0.0,319.342592,395.28625,363.52,0
JPEGImages/04a0b9b99d1b3466.jpg 0.0,246.23360000000002,333.811469,243.99257599999999,0
JPEGImages/04a115258a42f659.jpg 0.0,620.423168,348.7032595,152.800256,0 0.0,248.77158400000002,292.424832,113.60051199999998,0 0.0,236.12262399999997,559.739673,155.19948799999997,0
JPEGImages/04a427cbd387bbb7.jpg 0.0,341.49376,196.78937499999998,125.44,0 0.0,238.228992,158.33999999999997,106.23999999999998,0 0.0,230.064128,355.37343749999997,97.92000000000002,0 0.0,350.619136,523.16875,148.48000000000002,0 0.0,188.47095600000003,877.12,81.90249999999995,0
JPEGImages/04a61e5a55e967f5.jpg 0.0,579.2,64.885,194.56,0 0.0,667.84,545.16,384.854016,0
JPEGImages/04ad016c20129e68.jpg 0.0,413.941248,366.8990625,206.72000000000003,0
JPEGImages/04bd630f58f71cff.jpg 0.0,427.96697600000005,416.4698365,108.00025599999992,0 0.0,446.57459199999994,156.45,111.99999999999997,0
JPEGImages/04bf61de41a64a45.jpg 0.0,232.0,255.52327700000004,355.547136,0
JPEGImages/04c09df138c570eb.jpg 0.0,202.24,228.16468749999999,101.75999999999999,0
JPEGImages/04c5b6dd039d59f0.jpg 0.0,207.579648,77.69125,116.47999999999999,0
JPEGImages/04c6d541a30cedba.jpg 0.0,215.68,245.1146985,444.888064,0 0.0,198.07999999999998,477.006432,358.2914559999999,0
JPEGImages/04cc4fdf9aad5217.jpg 0.0,568.353792,116.75031249999999,347.52000000000004,0 0.0,213.37344,406.14,303.35999999999996,0
JPEGImages/04d02e63fb05db85.jpg 0.0,787.2,80.0390625,213.12,0 0.0,646.826496,229.95,24.95999999999998,0 0.0,622.932992,338.29843750000003,28.80000000000001,0 0.0,599.04,420.2046875,24.960000000000036,0 0.0,408.75845400000003,684.48,20.36249999999997,0 0.0,721.066496,578.8425,38.39999999999998,0 0.0,744.5329919999999,623.475,13.440000000000055,0 0.0,579.63,979.2,32.31749999999996,0
JPEGImages/04d7f18f98acc54b.jpg 0.0,448.32,92.127138,252.85017600000003,0 0.0,375.03999999999996,331.27617599999996,295.14239999999995,0 0.0,177.28,371.50862950000004,167.36767999999995,0
JPEGImages/04e747a01a931f8c.jpg 0.0,395.28704,342.35375,266.23999999999995,0
JPEGImages/04f32a3ca353ae53.jpg 0.0,387.52,362.382042,880.4659200000001,0
JPEGImages/04f520b74101b174.jpg 0.0,356.48,317.7934115,414.979072,0
JPEGImages/04f810e92344ecc9.jpg 0.0,120.26828800000001,386.85563950000005,142.400512,0 0.0,612.796416,91.35,35.20000000000002,0 0.0,640.286208,189.42595200000002,33.59948800000001,0
JPEGImages/05036f058192d52d.jpg 0.0,364.548096,341.28656249999995,239.99999999999994,0
JPEGImages/05058c6902458322.jpg 0.0,314.24,297.290776,130.64192000000003,0
JPEGImages/050e8380153a12f4.jpg 0.0,244.429824,124.6475,99.84,0 0.0,331.69152,190.89,73.6,0 0.0,137.883136,512.0365625000001,147.84000000000003,0
JPEGImages/05111d8a04a0b335.jpg 0.0,183.571968,342.9940625,181.11999999999995,0 0.0,359.313408,462.21,192.64,0
JPEGImages/05172d146bdd2ffb.jpg 0.0,322.353664,396.566875,252.15999999999997,0
JPEGImages/052647501d2eb5f5.jpg 0.0,617.00096,207.2478125,296.32,0 0.0,88.142848,373.17,291.2,0
JPEGImages/0528b89843f5649e.jpg 0.0,261.763584,433.705,113.92000000000007,0
JPEGImages/052a4047c52eb76e.jpg 0.0,341.08313599999997,354.50636899999995,135.00006399999995,0
JPEGImages/052f14488022c364.jpg 0.0,192.85862400000002,319.88919699999997,74.399744,0 0.0,189.68831999999998,354.112416,104.80025599999999,0 0.0,256.264192,487.437976,55.19974400000001,0
JPEGImages/0531a4449a96fa02.jpg 0.0,267.33312,261.127292,156.99968,0
JPEGImages/053d9bc3278c0a9f.jpg 0.0,164.98790400000001,615.55375,176.6400000000001,0
JPEGImages/0546c82a35006579.jpg 0.0,190.72,379.622328,316.03711999999996,0
JPEGImages/054744d67fdc06ba.jpg 0.0,670.7968,403.6103125,205.44000000000005,0 0.0,307.00748799999997,464.72999999999996,229.76,0
JPEGImages/054929245e1f2b71.jpg 0.0,316.78924800000004,320.251187,327.68,0
JPEGImages/056c0865b8c48ffa.jpg 0.0,382.07488,416.203125,273.92,0
JPEGImages/057bf583a10234fe.jpg 0.0,144.96,440.81024899999994,153.69625600000006,0
JPEGImages/05809c4181cfc348.jpg 0.0,153.6,397.988881,244.45132800000005,0 0.0,205.44,292.73697599999997,110.67699199999998,0
JPEGImages/058bafc32e61e87a.jpg 0.0,551.384576,485.35687500000006,126.71999999999991,0
JPEGImages/05927f9c6d387e2f.jpg 0.0,135.924736,209.8090625,219.51999999999998,0
JPEGImages/059b83f066b29814.jpg 0.0,549.972992,355.8003125,519.04,0
JPEGImages/059cf1ffb71c2a2a.jpg 0.0,307.99974399999996,473.89784249999997,94.999552,0
JPEGImages/059ed98da21a0045.jpg 0.0,168.579584,259.113125,179.2,0
JPEGImages/05a3a8b425e8ea70.jpg 0.0,258.881536,452.48750000000007,220.15999999999997,0
JPEGImages/05a504316ad04180.jpg 0.0,233.673216,228.48159949999996,362.51340799999997,0
JPEGImages/05a75f45ad327c97.jpg 0.0,246.144512,233.9275,215.04000000000002,0 0.0,406.715904,87.57,85.12,0 0.0,344.698368,133.185,57.599999999999994,0
JPEGImages/05aac2281846e4ca.jpg 0.0,527.36,431.5204245,611.902464,0
JPEGImages/05bc209fe716b9a5.jpg 0.0,316.16,320.72553050000005,680.107008,0
JPEGImages/05c4b56914646700.jpg 0.0,258.88,292.97455749999995,338.30195199999997,0
JPEGImages/05d04bc62d9753f5.jpg 0.0,216.0,447.6849855,132.799488,0
JPEGImages/05da56c8032e9a75.jpg 0.0,622.4,184.1166515,306.42483200000004,0 0.0,555.84,464.545536,197.81836799999996,0
JPEGImages/05dfef1a51503284.jpg 0.0,638.72,173.31125000000003,113.92000000000002,0 0.0,624.64,14.91,45.44,0 0.0,539.733504,122.2996875,63.359999999999985,0
JPEGImages/05e43a3a7fe2e676.jpg 0.0,143.36,427.27797,499.912704,0
JPEGImages/05f3a4eb3307ad2c.jpg 0.0,339.2,117.924048,315.19948800000003,0 0.0,43.519999999999996,510.3,32.0,0 0.0,65.28,589.620923,39.99948800000004,0
JPEGImages/05f6a116af4e422c.jpg 0.0,440.0,276.188125,71.68,0
JPEGImages/05ffe169229d0fe5.jpg 0.0,113.28,649.6829185,97.98144000000002,0
JPEGImages/06021c567befb6e7.jpg 0.0,360.902144,352.171875,62.72000000000003,0 0.0,236.751872,202.65,31.360000000000014,0
JPEGImages/06033d2b6ec17a97.jpg 0.0,768.0,229.4453125,214.39999999999998,0
JPEGImages/06045e43752355f7.jpg 0.0,280.245248,196.27507599999998,94.128128,0 0.0,201.091584,316.03319999999997,77.01401600000003,0
JPEGImages/06078d2972d49976.jpg 0.0,170.400256,346.302173,212.79948799999994,0
JPEGImages/0620b65d3e2f54b3.jpg 0.0,304.116224,370.5275,148.48000000000002,0
JPEGImages/06248035a92874c1.jpg 0.0,908.276736,58.90875,176.64,0 0.0,442.395136,94.08000000000001,33.28,0 0.0,204.544,132.758125,38.400000000000006,0 0.0,163.976192,232.04375,43.51999999999998,0 0.0,233.08093999999997,888.0,41.17750000000001,0
JPEGImages/0625dbb8723e2a73.jpg 0.0,318.844928,118.0309375,142.72,0 0.0,272.635392,300.29999999999995,156.15999999999997,0 0.0,277.718016,360.2825,56.32000000000005,0 0.0,370.137088,460.44843749999995,67.19999999999993,0 0.0,204.523484,810.56,61.992499999999964,0
JPEGImages/062b61e32c56e650.jpg 0.0,205.85574400000002,278.3225,102.40000000000003,0 0.0,479.850496,567.63,131.19999999999993,0 0.0,374.28275199999996,674.889375,23.039999999999964,0
JPEGImages/06398950ef18d9b7.jpg 0.0,760.32,176.4417805,279.89299200000005,0 0.0,805.12,498.96,324.265984,0
JPEGImages/063e222536989bc2.jpg 0.0,279.054336,439.254375,318.71999999999997,0
JPEGImages/063f05583c11ee32.jpg 0.0,829.5833600000001,97.32750000000001,32.913407999999976,0 0.0,546.244096,313.439952,510.536704,0 0.0,662.782976,478.587662,26.3311359999999,0
JPEGImages/06419b52ca96f932.jpg 0.0,467.079168,160.7184375,412.8,0
JPEGImages/0644d089360adbca.jpg 0.0,19.692031999999998,37.7784375,24.960000000000008,0 0.0,371.751936,275.72999999999996,51.839999999999975,0
JPEGImages/06612f7438b5a921.jpg 0.0,302.96166400000004,258.68625000000003,180.47999999999996,0
JPEGImages/066ed41c7805620b.jpg 0.0,208.0,503.769189,176.31846399999995,0 0.0,63.36,344.90063999999995,100.02636799999999,0
JPEGImages/06717202bc61f8b1.jpg 0.0,202.686464,116.11000000000001,61.44,0 0.0,233.42592000000002,395.85,54.39999999999998,0
JPEGImages/0687ba4ebf6be1e9.jpg 0.0,195.047424,517.5859375,101.75999999999999,0 0.0,193.306112,592.2,145.91999999999996,0
JPEGImages/068a7e289d2a160e.jpg 0.0,324.683264,222.82874999999999,179.20000000000002,0 0.0,287.21971199999996,14.489999999999998,44.16,0 0.0,338.611712,82.6003125,77.44,0 0.0,364.067328,131.43437500000002,154.88,0 0.0,257.406978,427.2,64.70749999999998,0 0.0,364.06784000000005,388.029375,211.2,0 0.0,274.251264,495.9,97.27999999999997,0 0.0,341.501733,815.68,239.25375,0 0.0,156.195522,914.24,145.138125,0
JPEGImages/068ce495d4ba2827.jpg 0.0,189.12,259.4358425,212.87219200000004,0
JPEGImages/068cf84cf7007f11.jpg 0.0,333.328384,128.2759375,90.24000000000001,0 0.0,240.150528,260.61,86.39999999999998,0 0.0,337.170432,286.6465625,115.84000000000003,0 0.0,312.67532800000004,538.3671875,132.48000000000002,0
JPEGImages/069cf22515495580.jpg 0.0,179.2,365.23151799999994,60.745727999999986,0 0.0,213.12,407.755824,138.84723199999996,0 0.0,302.08,548.136186,227.36281600000007,0 0.0,215.04,637.68842,35.57990399999994,0
JPEGImages/069f5db9e9a530a1.jpg 0.0,271.68,372.048541,255.51871999999997,0 0.0,248.0,481.22020799999996,220.80614400000002,0
JPEGImages/06a79c9d72981b38.jpg 0.0,269.448192,271.919375,126.72000000000003,0
JPEGImages/06a98d23a7a202b0.jpg 0.0,536.666624,190.9821675,203.33260800000002,0
JPEGImages/06aa02300aa37308.jpg 0.0,201.641984,527.1906250000001,163.84000000000003,0
JPEGImages/06ac7abc0f3e9206.jpg 0.0,188.27776,408.94625,215.03999999999996,0
JPEGImages/06b2c19bf7f2d3b8.jpg 0.0,561.475072,323.998125,849.9200000000001,0
JPEGImages/06b4eaec4e68c327.jpg 0.0,343.67999999999995,297.654132,283.256832,0
JPEGImages/06b52e75d408ad1e.jpg 0.0,207.000064,421.82694699999996,71.19462399999998,0
JPEGImages/06b6f2d09c629a36.jpg 0.0,515.6541440000001,337.87156250000004,123.52000000000004,0
JPEGImages/06c2c79c6c06cf25.jpg 0.0,306.911744,437.97375,456.96,0
JPEGImages/06dd09a02c3a3fe2.jpg 0.0,485.12,250.575625,244.48000000000002,0
JPEGImages/06e22da5ad727d7a.jpg 0.0,349.867008,204.2596875,293.76,0
JPEGImages/0702aabf6dc45807.jpg 0.0,48.99072,155.1690625,72.32000000000002,0
JPEGImages/0704914be51b8331.jpg 0.0,113.492992,345.9821875,154.24,0
JPEGImages/070f3e8aa47818f1.jpg 0.0,760.533504,339.0989135,287.200256,0 0.0,526.932992,121.53724800000002,362.399744,0
JPEGImages/07136ccc5aa263cf.jpg 0.0,121.516032,275.9746875,100.48000000000002,0
JPEGImages/0716956402e90e70.jpg 0.0,246.39999999999998,390.8040625,364.16,0
JPEGImages/0718e59399118ec4.jpg 0.0,340.533248,79.39875,190.72,0 0.0,340.05248,368.76000000000005,154.88,0 0.0,242.07104,498.163125,177.92000000000007,0
JPEGImages/0726bd9a433aefa4.jpg 0.0,174.665216,467.00124999999997,128.0,0 0.0,178.98393599999997,241.08,158.72000000000003,0
JPEGImages/0739edc7407d1f9f.jpg 0.0,124.25062399999999,290.91531249999997,145.28000000000003,0 0.0,346.61785599999996,95.55,53.11999999999999,0
JPEGImages/073e86bf898cb4d7.jpg 0.0,190.972928,358.575,154.87999999999994,0
JPEGImages/07524a82e955c6e4.jpg 0.0,257.780736,389.9503125,129.92000000000007,0
JPEGImages/0753e35481e174ff.jpg 0.0,166.503936,500.51093750000007,65.91999999999996,0
JPEGImages/0757f3b71d233893.jpg 0.0,509.118464,240.330625,339.19999999999993,0
JPEGImages/075a32cc5a02b8e9.jpg 0.0,94.81472,190.1728125,284.79999999999995,0 0.0,233.312256,482.58,254.72000000000003,0
JPEGImages/075d1ffe3af0fef0.jpg 0.0,82.999808,256.99992299999997,230.88742399999995,0
JPEGImages/075ff18ef6ae4d38.jpg 0.0,206.8608,177.58,110.07999999999998,0 0.0,140.681216,233.94,66.56,0 0.0,325.34988799999996,335.52375,78.08000000000004,0
JPEGImages/076ad3942fea32d3.jpg 0.0,367.664128,484.2896875,68.48000000000002,0 0.0,354.429952,553.35,92.80000000000007,0
JPEGImages/0781eee4a15b740e.jpg 0.0,281.72032,615.126875,103.68000000000006,0
JPEGImages/0782d584a4cb6e3a.jpg 0.0,156.188672,467.42812499999997,224.0,0
JPEGImages/07856034afc37c52.jpg 0.0,128.42649600000001,229.375305,134.483968,0
JPEGImages/078629a02affb2fa.jpg 0.0,625.916928,529.325,180.905984,0 0.0,374.92428800000005,356.16,58.025983999999994,0
JPEGImages/078672700c36508d.jpg 0.0,187.10118400000002,345.55531249999996,373.12,0
JPEGImages/078c95d90f317578.jpg 0.0,205.226496,35.8575,75.52,0 0.0,645.973504,262.28999999999996,259.2,0 0.0,564.053504,584.1784375,216.96000000000004,0
JPEGImages/07984ebf07ddb1d3.jpg 0.0,289.620992,212.37031249999998,90.24000000000001,0 0.0,257.921536,432.39,96.6400000000001,0
JPEGImages/07a2337160da8568.jpg 0.0,426.666496,158.1571875,397.44,0
JPEGImages/07a5c9bcce96e118.jpg 0.0,204.48,279.986288,117.84396799999996,0 0.0,325.12,421.02076800000003,126.62783999999999,0
JPEGImages/07b038f0432e9c73.jpg 0.0,173.42566399999998,201.2715625,106.88,0 0.0,406.040576,210.63,112.0,0
JPEGImages/07b34fceba9bf074.jpg 0.0,190.089216,233.2871875,151.68,0 0.0,59.224064,456.96,119.04000000000008,0
JPEGImages/07b965e63ecfa08c.jpg 0.0,368.64,216.56803049999996,465.067008,0
JPEGImages/07be4b1f784a131e.jpg 0.0,366.50649599999997,378.21124999999995,350.71999999999997,0
JPEGImages/07d235ff619e155c.jpg 0.0,301.332992,145.737857,77.00070400000001,0 0.0,461.99961600000006,426.234144,74.99980800000003,0
JPEGImages/07d735a1aaab11b1.jpg 0.0,307.392,345.9821875,90.24000000000001,0 0.0,264.645632,115.5,53.75999999999999,0 0.0,342.454272,448.00531250000006,77.43999999999994,0
JPEGImages/07da499452cb5964.jpg 0.0,118.30016,433.705,134.4000000000001,0
JPEGImages/07ddd0a5c9411932.jpg 0.0,558.588928,62.32375,186.88,0 0.0,420.26291200000003,74.13000000000001,126.08,0 0.0,882.7919360000001,176.0859375,333.44000000000005,0 0.0,348.69811200000004,177.24374999999998,53.75999999999996,0 0.0,291.02628,317.12,97.28750000000002,0 0.0,329.96608000000003,208.9553125,67.19999999999999,0 0.0,356.38272,273.6,56.31999999999999,0 0.0,256.61512799999997,482.56,41.70000000000004,0 0.0,221.67605550000002,526.4,17.450625000000006,0 0.0,387.60192,408.72,27.519999999999982,0 0.0,497.110528,432.63781250000005,127.36000000000001,0 0.0,275.692544,402.7565625,33.91999999999996,0 0.0,314.596352,443.51312500000006,32.639999999999986,0 0.0,327.08454400000005,452.95625,39.680000000000064,0 0.0,296.34508800000003,462.44156250000003,23.680000000000064,0 0.0,327.5648,414.71999999999997,65.27999999999997,0 0.0,222.61900799999998,562.7109375,24.47999999999999,0 0.0,333.327872,437.93999999999994,14.719999999999914,0 0.0,337.650688,553.23,44.80000000000007,0 0.0,374.99443199999996,896.6400000000001,124.79999999999998,0 0.0,359.264256,577.5618750000001,67.84000000000003,0 0.0,328.525312,572.0625,30.720000000000027,0 0.0,360.705536,611.711875,42.24000000000001,0 0.0,322.281472,698.8799999999999,49.91999999999996,0 0.0,391.444992,732.96,92.15999999999997,0
JPEGImages/07f7bf5da01ccf9d.jpg 0.0,271.172096,116.96375,46.08000000000001,0 0.0,266.35571200000004,154.35,33.91999999999999,0 0.0,300.553216,231.5796875,37.75999999999999,0 0.0,223.488,259.01562500000006,44.80000000000001,0 0.0,205.68948600000002,506.88,31.67499999999997,0 0.0,222.04364800000002,348.1165625,35.19999999999999,0 0.0,218.671616,398.7,39.67999999999995,0 0.0,225.56447400000002,567.6800000000001,29.190000000000026,0 0.0,157.9174305,640.0,22.132499999999983,0 0.0,229.74975999999998,499.68,33.27999999999997,0 0.0,307.778048,517.7993749999999,38.39999999999998,0
JPEGImages/07ff96c67dc24595.jpg 0.0,180.79999999999998,352.171875,153.59999999999997,0
JPEGImages/0812a121f93d0d3f.jpg 0.0,219.014144,296.678125,258.56000000000006,0
JPEGImages/0814d527d1cb3def.jpg 0.0,102.304256,386.74875,156.15999999999997,0
JPEGImages/08170ab4d50c257c.jpg 0.0,231.252992,151.11375,238.08000000000004,0 0.0,224.426496,530.46,160.0,0
JPEGImages/083264081439a560.jpg 0.0,681.713152,50.5846875,132.48000000000002,0
JPEGImages/0842a25ec180f889.jpg 0.0,299.104256,343.834494,86.99903999999998,0
JPEGImages/084694aa27ac5a15.jpg 0.0,321.801216,394.64593750000006,181.12,0 0.0,493.267968,528.15,193.91999999999996,0 0.0,289.140736,528.898125,97.27999999999997,0
JPEGImages/0848b7893fcec6fb.jpg 0.0,464.213504,438.18718750000005,64.63999999999999,0
JPEGImages/084c034d23d47169.jpg 0.0,246.393856,367.53937499999995,286.71999999999997,0
JPEGImages/0855b0de9820af60.jpg 0.0,507.219456,190.5996875,188.8,0
JPEGImages/085bcf79df807dc6.jpg 0.0,433.711104,448.21875,270.0799999999999,0
JPEGImages/085e48b2482aa5da.jpg 0.0,424.0,385.98788800000005,587.33568,0
JPEGImages/0869faf11c6b6c67.jpg 0.0,246.39999999999998,316.954346,108.79999999999995,0
JPEGImages/086d7b4b99fb4bcd.jpg 0.0,546.56,207.74606099999997,87.04000000000002,0 0.0,101.12,526.959888,90.452992,0
JPEGImages/086ea2ea18666564.jpg 0.0,245.006336,170.75,104.96000000000001,0 0.0,233.488896,253.25999999999996,113.92000000000002,0
JPEGImages/08708f6b44879dc9.jpg 0.0,484.064256,315.460625,156.15999999999997,0 0.0,872.759808,436.38,211.19999999999993,0
JPEGImages/087419ffcd6b6273.jpg 0.0,295.466496,368.17934599999995,435.19999999999993,0
JPEGImages/0881ae2700e2e5f4.jpg 0.0,274.73152,373.72906250000005,58.24000000000001,0
JPEGImages/08891dbc210fddc1.jpg 0.0,292.502528,218.986875,232.96,0
JPEGImages/08a4d0540e663fcd.jpg 0.0,271.369728,431.78406249999995,265.6,0
JPEGImages/08b1ca9b168c9b98.jpg 0.0,337.493504,441.1753125,211.84000000000003,0 0.0,304.64,234.99000000000004,99.19999999999999,0
JPEGImages/08b32ddd8ba37945.jpg 0.0,380.50816,129.1296875,69.75999999999999,0 0.0,376.654336,31.71,96.64,0 0.0,369.911808,347.47625000000005,56.31999999999999,0 0.0,359.796736,521.8843750000001,92.15999999999997,0 0.0,239.744274,879.04,23.07749999999999,0 0.0,335.23199999999997,625.371875,39.680000000000064,0 0.0,331.37919999999997,693.225,19.840000000000032,0 0.0,266.362086,988.1600000000001,11.467500000000033,0
JPEGImages/08bd9bab0540291f.jpg 0.0,195.090432,306.069375,281.59999999999997,0
JPEGImages/08c56c40db20b7f4.jpg 0.0,503.04,357.152311,74.23999999999995,0
JPEGImages/08ccb4a7c646f371.jpg 0.0,168.907264,304.5753125,96.63999999999999,0 0.0,178.504192,519.33,69.75999999999999,0
JPEGImages/08ce49c9f6726fe1.jpg 0.0,169.38649600000002,169.2559375,178.56000000000003,0 0.0,163.83999999999997,462.84,165.12,0
JPEGImages/08d234082e117219.jpg 0.0,220.16,346.378669,839.6800000000001,0
JPEGImages/08d2aceb0e39427a.jpg 0.0,429.49785599999996,395.46656199999995,100.97663999999997,0
JPEGImages/08d5f23e4b6d2d8e.jpg 0.0,222.932992,403.6103125,110.72000000000003,0 0.0,356.8,244.44,113.92000000000002,0 0.0,396.26649599999996,348.5434375,88.95999999999998,0
JPEGImages/08ef64bb09c61597.jpg 0.0,257.706496,503.71250000000003,271.36,0
JPEGImages/08f175fcdfab00ea.jpg 0.0,293.12256,438.18718750000005,498.56,0
JPEGImages/09015a2c20914dbe.jpg 0.0,316.631552,239.04999999999998,58.879999999999995,0
JPEGImages/090c734360b69cff.jpg 0.0,677.8879999999999,370.58589649999993,286.268416,0
JPEGImages/0910e871fc8a3b98.jpg 0.0,180.08832,448.321883,75.44012799999996,0 0.0,201.89286399999997,230.08708800000002,77.91308800000002,0
JPEGImages/0916a3379ed65e66.jpg 0.0,532.48,77.50342500000001,215.79776,0 0.0,321.378304,240.340464,253.14611200000002,0 0.0,275.69203200000004,423.84760249999994,171.1851519999999,0 0.0,152.812544,521.21102,230.322176,0
JPEGImages/0916c54941948225.jpg 0.0,220.58649599999998,561.7675,272.64,0
JPEGImages/0920e861575ab666.jpg 0.0,128.0,481.7284375,115.83999999999992,0 0.0,239.01644800000003,172.83,103.03999999999999,0 0.0,144.569344,219.6271875,96.64000000000004,0 0.0,95.689216,291.7671875,103.04000000000002,0 0.0,168.991736,900.48,73.30500000000005,0
JPEGImages/092bc7928a797d09.jpg 0.0,608.812544,213.4375,162.55999999999997,0 0.0,318.3744,423.15,188.80000000000007,0
JPEGImages/0930c6732e324d19.jpg 0.0,111.00006400000001,305.81598199999996,103.00006400000001,0
JPEGImages/09344b7249c06c22.jpg 0.0,318.322176,238.76553049999998,290.98700800000006,0
JPEGImages/0939bcd39907749b.jpg 0.0,207.112192,430.716875,138.24,0 0.0,329.93433600000003,140.07,114.56000000000003,0
JPEGImages/093a5de441063d3e.jpg 0.0,310.084608,343.84917850000005,211.33209599999998,0
JPEGImages/0942eb8ff34587ab.jpg 0.0,250.026496,307.34999999999997,87.04000000000002,0
JPEGImages/094b1ee26856677a.jpg 0.0,419.608576,339.7925,512.0,0
JPEGImages/094c0e3dc789f3cb.jpg 0.0,538.59072,427.9421875,197.76,0
JPEGImages/09517b5e386ebda1.jpg 0.0,527.36,339.7925,101.12,0 0.0,452.692992,280.34999999999997,100.48000000000002,0
JPEGImages/096048ffb232e778.jpg 0.0,218.026496,419.19125,113.92000000000007,0 0.0,305.49350400000003,563.64,108.79999999999995,0
JPEGImages/09613c3105f8cb26.jpg 0.0,279.466496,405.104375,500.48,0
JPEGImages/096cba0a435bd3a6.jpg 0.0,464.213504,377.9978125,481.91999999999996,0
JPEGImages/097c9ca8566cdfb8.jpg 0.0,259.363328,311.48522349999996,80.0,0
JPEGImages/098197b3e323d63e.jpg 0.0,548.363776,557.6695,261.12,0
JPEGImages/098c748499963ea6.jpg 0.0,356.631552,329.7609375,28.80000000000001,0 0.0,250.98035199999998,354.2699999999999,40.32000000000005,0 0.0,305.479168,428.7959375,33.92000000000007,0 0.0,337.987072,444.1796875,23.680000000000064,0 0.0,248.76929600000003,754.56,29.864999999999927,0 0.0,310.73792,540.42375,33.27999999999997,0 0.0,325.55776000000003,599.625,33.91999999999996,0 0.0,267.48756899999995,882.56,32.31749999999996,0
JPEGImages/098f01b6d88b00ae.jpg 0.0,445.718528,138.734375,104.96000000000001,0 0.0,342.45376,264.59999999999997,116.48000000000002,0 0.0,716.608,464.01312500000006,48.639999999999986,0 0.0,627.2716800000001,584.3906249999999,60.15999999999997,0
JPEGImages/0995b72d25487ffe.jpg 0.0,72.96,388.17143899999996,184.31999999999994,0
JPEGImages/09a9618977e68e27.jpg 0.0,230.827008,295.1840625,120.96000000000004,0
JPEGImages/09b16a8d0051c2ea.jpg 0.0,490.666496,289.2078125,721.28,0
JPEGImages/09baac22217f1bc7.jpg 0.0,284.066304,163.92,393.670656,0 0.0,343.601152,285.6,80.78131200000001,0 0.0,324.890624,448.1241545,144.497664,0 0.0,486.48499200000003,547.6194825,244.6223359999999,0
JPEGImages/09bf3538c2dde77c.jpg 0.0,444.852736,310.2715325,670.5838080000001,0
JPEGImages/09c33e45b9306155.jpg 0.0,131.6224,336.68485,167.70457600000003,0
JPEGImages/09cecef0bf6393f4.jpg 0.0,162.82163200000002,236.91562500000003,147.2,0
JPEGImages/09d14dd0fdebd374.jpg 0.0,182.07999999999998,386.15522300000003,202.295296,0 0.0,316.15999999999997,523.43928,244.68172800000002,0
JPEGImages/09dbb4980eabd560.jpg 0.0,293.604352,400.62218750000005,150.39999999999998,0
JPEGImages/09e312582d167ee8.jpg 0.0,613.823488,371.5946875,632.96,0
JPEGImages/09e31b0e888baee7.jpg 0.0,277.654016,403.1834375,343.68000000000006,0 0.0,362.345984,226.58999999999997,138.88000000000005,0 0.0,372.451328,520.1471875,126.08000000000004,0
JPEGImages/09f10c5c8aa7a8df.jpg 0.0,521.812992,280.6703125,181.12,0 0.0,496.213504,70.98,199.68,0 0.0,392.106496,436.90656249999995,92.80000000000007,0
JPEGImages/09fa435fe0ce7da6.jpg 0.0,247.35488,287.286875,119.04000000000002,0
JPEGImages/0a1a7dca62f55779.jpg 0.0,517.019648,340.383978,987.189248,0
JPEGImages/0a1cfb1bb8e135c2.jpg 0.0,316.263936,502.6453125,220.79999999999995,0
JPEGImages/0a35435c134e5754.jpg 0.0,322.281472,330.828125,135.68,0
JPEGImages/0a3ceda0ccb026a5.jpg 0.0,208.498688,359.42875,88.31999999999994,0
JPEGImages/0a3e273c3996e71a.jpg 0.0,221.898752,279.60312500000003,120.32,0 0.0,174.34879999999998,429.23999999999995,115.19999999999993,0
JPEGImages/0a3e36caf47a64ca.jpg 0.0,343.03999999999996,351.745,156.16000000000008,0
JPEGImages/0a42011b38a93d89.jpg 0.0,443.52,347.76106100000004,762.88,0
JPEGImages/0a4c344da9813939.jpg 0.0,286.4,530.900681,411.721728,0
JPEGImages/0a660882aa38817b.jpg 0.0,207.54278399999998,579.69625,107.51999999999998,0
JPEGImages/0a66f291fc9e38de.jpg 0.0,408.094208,207.1009675,48.999423999999976,0 0.0,395.29369599999995,478.40620799999994,56.00051199999996,0
JPEGImages/0a6f451dab9a4e96.jpg 0.0,168.996352,504.139375,144.64,0 0.0,460.526592,190.47,110.72000000000003,0 0.0,127.544832,379.06499999999994,112.63999999999999,0
JPEGImages/0a7e38d8d7d2d22b.jpg 0.0,334.285824,262.955,185.60000000000002,0 0.0,351.428608,499.17,62.07999999999993,0
JPEGImages/0a891d55e0f2c791.jpg 0.0,111.36,351.92941,280.65791999999993,0
JPEGImages/0a89f0320ab2f47e.jpg 0.0,504.0,273.264202,600.375296,0
JPEGImages/0a8ab3f65ad3b6a6.jpg 0.0,120.55552,268.2909375,218.24,0 0.0,360.22528,250.32,204.79999999999995,0
JPEGImages/0a97d686814393fa.jpg 0.0,199.67999999999998,65.0984375,177.599488,0 0.0,135.04000000000002,223.12483199999997,166.40000000000003,0 0.0,106.24000000000001,195.2953125,59.200512,0 0.0,160.32,386.91779750000006,65.6005120000001,0 0.0,112.22,645.199872,115.95294399999997,0
JPEGImages/0a9992a31135bea4.jpg 0.0,352.0,180.42025550000002,126.75788800000001,0 0.0,303.36,412.38825599999996,146.640896,0
JPEGImages/0a99b5b186535b00.jpg 0.0,174.39999999999998,534.995266,407.2939520000001,0
JPEGImages/0aa2f67bd94d0478.jpg 0.0,530.500096,264.499946,706.1544960000001,0
JPEGImages/0aa356093c681781.jpg 0.0,224.628736,177.05033349999997,78.76915200000002,0 0.0,798.413312,234.08616,103.74451199999999,0 0.0,253.84448,294.0871645,85.173248,0 0.0,166.675456,375.2721125,85.81427200000007,0 0.0,55.535868,960.920576,71.99311200000002,0
JPEGImages/0aabb45f12759372.jpg 0.0,216.746496,188.8921875,85.12,0
JPEGImages/0ab18e23bfd458d4.jpg 0.0,235.946496,248.44125000000003,220.16000000000003,0
